# Given vectors
Cardio <- c(0, 1, 1, 0, 0, 0, 1, 0, 1, 1, 0, 0, 1, 0, 0, 0, 1, 0, 0, 0, 
            0, 0, 1, 1, 1, 0, 0, 0, 0, 1, 0, 1, 1, 0, 0, 0, 1, 1, 1, 0, 
            1, 0, 0, 0, 1, 1, 0, 1, 0, 0, 0, 0, 1, 0, 1, 1, 1, 1, 0, 0, 
            1, 0, 1, 0, 1, 1, 1, 0, 1, 1, 1, 0, 1, 1, 1, 1, 0, 1, 1, 0, 
            1, 0, 0, 1, 0, 0, 0, 1, 0, 0, 0, 0, 0, 0, 1, 0, 1, 1, 1, 0, 
            0, 1, 0, 1, 0, 1, 1, 1, 0, 0, 0, 0, 0, 0, 0, 0, 1, 0, 1, 0, 
            0, 1, 1, 1, 1, 0, 1, 0, 1, 0, 1, 1, 1, 0, 0, 1, 1, 0, 1, 1, 
            0, 1, 1, 1, 0, 1, 1, 1, 0, 1, 1, 1, 0, 1, 1, 1, 1, 1, 0, 0, 
            0, 1, 0, 1, 0, 1, 1, 1, 0, 0, 1, 1, 0, 1, 1, 0, 1, 1, 1, 0, 
            1, 0, 1, 1, 0, 1, 1, 1, 0, 0, 1, 0, 1, 1, 0, 0, 0, 0, 1, 0, 
            1, 1, 1, 0, 0, 0, 0, 0, 0, 0, 0, 1, 0, 1, 0, 0, 1, 1, 1, 1, 
            1, 0, 1, 0, 1, 0, 1, 1, 1, 0, 1, 1, 1, 1, 1, 0, 0, 0, 0, 1, 
            0, 1, 0, 1, 1, 1, 0, 0, 1, 1, 0, 1, 1, 0, 1, 1, 1, 0, 1, 1, 
            1, 0, 1, 1, 1, 0, 1, 1, 1, 0, 1, 1, 1, 1, 1, 0, 0, 0, 1, 0, 
            1, 0, 1, 1, 1, 0, 0, 1, 1, 0, 1, 1, 0, 1, 1, 1, 0, 1, 1, 0, 
            1, 1, 1, 0, 1, 1, 1, 0, 1, 1, 1, 0, 1, 1, 1, 1, 1, 0, 0, 0, 
            1, 0, 1, 0, 1, 1, 1, 0, 0, 1, 1, 0, 1, 1, 0, 1, 1, 1, 0, 1, 
            0, 1, 1, 0, 1, 1, 1, 0, 0, 1, 0, 1, 1, 0, 0, 0, 0, 1, 0, 1, 
            1, 1, 0, 0, 0, 0, 0, 0, 0, 0, 1, 0, 1, 0, 0, 1, 1, 1, 1, 1, 
            0, 1, 0, 1, 0, 1, 1, 1, 0, 1, 1, 1, 1, 1, 0, 0, 0, 0)

Thal <- c(6, 3, 7, 3, 3, 3, 3, 3, 7, 7, 6, 3, 6, 7, 7, 3, 7, 3, 3, 3, 
          3, 3, 3, 7, 7, 3, 3, 3, 3, 7, 3, 7, 3, 7, 3, 3, 7, 6, 7, 3, 
          7, 7, 3, 3, 3, 7, 3, 7, 3, 3, 3, 7, 3, 3, 7, 7, 7, 7, 3, 3, 
          7, 3, 7, 3, 7, 7, 3, 7, 7, 3, 3, 7, 7, 6, 3, 3, 7, 3, 3, 7, 
          3, 3, 3, 3, 7, 7, 7, 7, 7, 7, 7, 3, 6, 7, 7, 6, 3, 3, 7, 7, 
          7, 7, 3, 7, 3, 3, 7, 7, 3, 3, 7, 7, 3, 3, 3, 3, 7, 7, 7, 3, 
          3, 7, 3, 7, 7, 3, 3, 3, 3, 7, 3, 7, 7, 3, 3, 7, 7, 7, 7, 7, 
          7, 3, 6, 7, 7, 6, 3, 3, 7, 7, 7, 7, 3, 7, 3, 3, 7, 7, 3, 3, 
          7, 7, 3, 3, 3, 3, 7, 7, 7, 3, 3, 7, 3, 7, 7, 3, 3, 3, 3, 7, 
          3, 7, 7, 3, 3, 7, 7, 7, 7, 7, 7, 3, 6, 7, 7, 6, 3, 3, 7, 7, 
          7, 7, 3, 7, 3, 3, 7, 7, 3, 3, 7, 7, 3, 3, 3, 3, 7, 7, 7, 3, 
          3, 7, 3, 7, 7, 3, 3, 3, 3, 7, 3, 7, 7, 3, 3, 7, 7, 7, 7, 7, 
          7, 3, 6, 7, 7, 6, 3, 3, 7, 7, 7, 7, 3, 7, 3, 3, 7, 7, 3, 3, 
          7, 7, 3, 3, 3, 3, 7, 7, 7, 3, 3, 7, 3, 7, 7, 3, 3, 3, 3, 7, 
          3, 7, 7, 3, 3, 7, 7, 7, 7, 7, 7, 3, 6, 7, 7, 6, 3, 3, 7, 7, 
          7, 7, 3, 7, 3, 3, 7, 7, 3, 3, 7, 7, 3, 3, 3, 3, 7, 7, 7, 3, 
          3, 7, 3, 7, 7, 3, 3, 3, 3, 7, 3, 7, 7, 3, 3, 7, 7, 7, 7, 7, 
          7, 3, 6, 7, 7, 6, 3, 3, 7, 7, 7, 7, 3, 7, 3, 3, 7, 7, 3, 3, 
          7, 7, 3, 3, 3, 3, 7, 7, 7, 3, 3, 7, 3, 7, 7, 3, 3, 3, 3, 7)

# Ensure both vectors have the same length
min_length <- min(length(Cardio), length(Thal))
Cardio <- Cardio[1:min_length]
Thal <- Thal[1:min_length]

# Create the data frame
data <- data.frame(Cardio = Cardio, Thal = Thal)

# Fit the logistic regression model
logreg <- glm(formula = Cardio ~ Thal, family = binomial(link = "logit"), data = data)

# Predict probabilities
predicted_probabilities <- logreg$fitted.values

# Calculate LogLoss
true_labels <- data$Cardio
log_loss <- LogLoss(y_pred = predicted_probabilities, y_true = true_labels)

# Print the LogLoss
print(log_loss)
